229683
229686
229691
229699
229719
230136
231106
231525
231528
231529
231530
231532
231569
231571
231887
231889
231890
231891
231892
231893
231904
231908
231909
231917
231922
232387
232823
232824
232826
232830
232839
232848
233562
233599
233603
238923
238924
238926
238928
238995
238996
239242
239348
240495
240801
241032
241033
241056
241057
241061
241062
241069
241071
241072
241076
241200
242798
242801
243216
243217
243218
246904
246907
246909
246910
247130
247135
247513
247517
247518
247922
247925
252267
257220
257225
259330
260819
260828
260832
261196
261198
261202
261208
267587
267913
267918
269916
269921
270572
349792
350183
350186
350189
350898
350900
350902
350904
350908
350911
359217
362006
362423
362426
362427
362428
362430
362859
363829
364674
367503
369413
369459
369832
370243
370245
370246
370253
370257
370262
370264
370267
372080
372085
372104
377016
377022
377029
377408
377412
377440
378131
463830
465273
465644
466792
466795
475875
482386
482391
484866
485273
485281
488441
488442
490220
490223
490224
490608
490611
490615
491002
491004
491009
492741
