233538
242742
242743
242745
243109
243112
243471
243472
243479
243480
243485
243502
243522
243540
243864
243871
243878
243882
243883
243884
243885
243894
244323
244338
251344
251367
251374
251723
251737
251738
251773
251783
252221
253096
253098
253104
253107
253109
253115
253116
253121
253181
253182
253459
253745
254170
254171
254178
254180
256630
256641
256646
256702
256703
257259
261195
262522
262531
262532
262537
262541
262542
262985
262988
262991
262993
262997
263526
263531
263532
263534
263535
263536
263537
274024
348420
348425
348872
348877
348879
349337
349340
358505
358507
358510
367539
367545
372491
372496
372507
372862
372894
372896
372897
372899
372903
373170
373178
373180
373181
373187
373190
373213
373233
374842
375288
376965
377003
377033
377034
377712
377770
377807
378103
378113
378114
378494
378500
378502
378541
378891
378949
391635
470012
477327
477329
477330
485262
485263
485265
485269
485270
485272
485274
485276
485277
485280
486327
486331
486332
486335
486336
492723
493462
493463
493464
493465
503048
503049
504500
513312
