231107
233537
233564
238998
239642
239643
239652
242800
242803
243094
243108
243111
243206
243489
243490
243494
243508
243509
243520
243521
243538
243626
243629
247483
247498
247502
247508
251080
251350
251366
251398
251404
251410
251421
251453
251712
251768
251781
251798
252187
252255
257240
257254
257476
260168
260169
260826
260827
260830
260834
260835
260837
261193
261194
261200
261204
267585
267915
267916
269918
269920
269923
270219
270225
270228
270564
270570
270571
348871
348876
348878
348881
348882
348886
349341
349799
349801
349804
350185
350188
350191
350901
350906
362005
362420
362422
362425
362851
362853
363808
363813
364303
367506
369393
369435
370250
370254
370265
370621
372087
372535
372898
372929
373179
373185
373186
373203
373204
377023
377032
377048
377370
377411
377417
377441
377797
377813
378118
378496
378526
378527
378913
378929
463828
465271
465642
466790
466794
475873
484849
489900
490606
490609
490613
490999
491001
491003
491005
491006
491007
491010
492724
492740
503060
