231105
231570
232388
233563
238997
239347
239349
239640
239641
239651
242799
242802
243205
243625
243628
247481
247497
247501
247506
251079
251349
251365
251397
251403
251409
251420
251425
251452
251764
251767
251772
251776
251780
251791
251797
252252
252254
257221
257222
257251
257466
259348
259349
259352
259379
260175
260178
260820
260825
260829
260833
261192
261199
261201
261203
261209
267583
267914
267917
267919
269187
269917
269922
270227
270233
349793
350184
350187
350190
350897
350899
350903
350905
359214
360600
362007
362008
362409
362419
362421
362424
362852
362858
362860
363807
363810
363823
364673
367507
369405
369460
369831
369833
370244
370247
370251
370258
370261
370628
372086
372530
377019
377021
377030
377031
377409
377410
377418
377429
377430
377438
377443
377719
377728
377796
377812
378112
378193
378499
391283
463829
464820
465270
465272
466791
466793
475874
482385
482390
482392
484850
484864
485271
485279
489154
490219
490221
490222
490225
490231
490232
490607
490610
490612
490614
490624
491000
491008
492739
