229683
229686
229691
229699
229719
230136
231105
231106
231107
231525
231528
231529
231530
231532
231569
231570
231571
231887
231889
231890
231891
231892
231893
231904
231908
231909
231917
231922
232387
232388
232823
232824
232826
232830
232839
232848
233537
233538
233562
233563
233564
233599
233603
238923
238924
238926
238928
238995
238996
238997
238998
239242
239347
239348
239349
239640
239641
239642
239643
239651
239652
240495
240801
241032
241033
241056
241057
241061
241062
241069
241071
241072
241076
241200
242742
242743
242745
242798
242799
242800
242801
242802
242803
243094
243108
243109
243111
243112
243205
243206
243216
243217
243218
243471
243472
243479
243480
243485
243489
243490
243494
243502
243508
243509
243520
243521
243522
243538
243540
243625
243626
243628
243629
243864
243871
243878
243882
243883
243884
243885
243894
244323
244338
246904
246907
246909
246910
247130
247135
247481
247483
247497
247498
247501
247502
247506
247508
247513
247517
247518
247922
247925
251079
251080
251344
251349
251350
251365
251366
251367
251374
251397
251398
251403
251404
251409
251410
251420
251421
251425
251452
251453
251712
251723
251737
251738
251764
251767
251768
251772
251773
251776
251780
251781
251783
251791
251797
251798
252187
252221
252252
252254
252255
252267
253096
253098
253104
253107
253109
253115
253116
253121
253181
253182
253459
253745
254170
254171
254178
254180
256630
256641
256646
256702
256703
257220
257221
257222
257225
257240
257251
257254
257259
257466
257476
259330
259348
259349
259352
259379
260168
260169
260175
260178
260819
260820
260825
260826
260827
260828
260829
260830
260832
260833
260834
260835
260837
261192
261193
261194
261195
261196
261198
261199
261200
261201
261202
261203
261204
261208
261209
262522
262531
262532
262537
262541
262542
262985
262988
262991
262993
262997
263526
263531
263532
263534
263535
263536
263537
267583
267585
267587
267913
267914
267915
267916
267917
267918
267919
269187
269916
269917
269918
269920
269921
269922
269923
270219
270225
270227
270228
270233
270564
270570
270571
270572
274024
348420
348425
348871
348872
348876
348877
348878
348879
348881
348882
348886
349337
349340
349341
349792
349793
349799
349801
349804
350183
350184
350185
350186
350187
350188
350189
350190
350191
350897
350898
350899
350900
350901
350902
350903
350904
350905
350906
350908
350911
358505
358507
358510
359214
359217
360600
362005
362006
362007
362008
362409
362419
362420
362421
362422
362423
362424
362425
362426
362427
362428
362430
362851
362852
362853
362858
362859
362860
363807
363808
363810
363813
363823
363829
364303
364673
364674
367503
367506
367507
367539
367545
369393
369405
369413
369435
369459
369460
369831
369832
369833
370243
370244
370245
370246
370247
370250
370251
370253
370254
370257
370258
370261
370262
370264
370265
370267
370621
370628
372080
372085
372086
372087
372104
372491
372496
372507
372530
372535
372862
372894
372896
372897
372898
372899
372903
372929
373170
373178
373179
373180
373181
373185
373186
373187
373190
373203
373204
373213
373233
374842
375288
376965
377003
377016
377019
377021
377022
377023
377029
377030
377031
377032
377033
377034
377048
377370
377408
377409
377410
377411
377412
377417
377418
377429
377430
377438
377440
377441
377443
377712
377719
377728
377770
377796
377797
377807
377812
377813
378103
378112
378113
378114
378118
378131
378193
378494
378496
378499
378500
378502
378526
378527
378541
378891
378913
378929
378949
391283
391635
463828
463829
463830
464820
465270
465271
465272
465273
465642
465644
466790
466791
466792
466793
466794
466795
470012
475873
475874
475875
477327
477329
477330
482385
482386
482390
482391
482392
484849
484850
484864
484866
485262
485263
485265
485269
485270
485271
485272
485273
485274
485276
485277
485279
485280
485281
486327
486331
486332
486335
486336
488441
488442
489154
489900
490219
490220
490221
490222
490223
490224
490225
490231
490232
490606
490607
490608
490609
490610
490611
490612
490613
490614
490615
490624
490999
491000
491001
491002
491003
491004
491005
491006
491007
491008
491009
491010
492723
492724
492739
492740
492741
493462
493463
493464
493465
503048
503049
503060
504500
513312
